# mm
3.747251541
7.097364911
5.310748233
3.682905258
4.561395568
3.429751186
2.488581274
5.043093034
2.731434928
3.206197581
8.197549435
3.530218501
4.889670022
2.939932378
4.054514375
7.242472407
3.988920713
3.228874771
2.972147681
2.620771173
9.929256318
5.809755623
3.942869648
2.815596439
3.842491538
2.536415589
5.744318294
3.026752723
3.437124224
11.45276196
8.942070107
3.953308968
3.382903746
3.648392157
3.828883505
4.791033605
17.82572912
3.126028425
4.820391358
8.369852408
2.552055642
2.249949601
2.983563336
7.809238607
7.823075309
3.024441948
5.915684575
2.908673021
6.769333973
3.448379145
6.010599581
5.262946653
3.087608637
4.775464638
2.462271037
6.495483023
2.517292361
4.673550609
2.55711403
10.69976765
3.066128222
6.431170952
3.8619186
8.46886212
2.441947288
5.568227454
3.487891214
5.694731766
22.91127712
3.845496126
2.892549303
2.924548714
3.2581144
5.41041777
3.509004025
5.209349041
3.66983976
3.524397057
4.406196356
2.479290545
3.314995967
6.02656439
3.068093214
5.799114272
3.494352455
3.461497419
2.462971176
5.209941248
4.137853178
4.580134775
3.121544425
3.362704334
2.343735375
2.373217094
3.643446685
4.404386035
9.261695942
5.063795925
16.09804295
3.581941845
4.567309766
2.900904621
4.517764904
11.68377204
2.592848361
4.964785201
6.957109109
2.663395101
3.008392251
4.821348592
2.908806475
3.274777786
5.366366078
4.120424431
5.131399876
4.464480201
6.156175229
6.590418142
3.723118997
10.11109158
7.945303306
2.410535969
8.846385539
3.078057822
4.847225567
3.39041188
3.643388602
2.659947888
3.041772045
2.680600871
2.619638546
2.996328857
5.100753997
4.206683499
3.203160025
2.819179337
5.321025945
5.460358175
5.430000644
4.236625589
3.236875991
4.012489249
13.82210208
3.613609293
2.985855346
3.426100404
2.477616424
5.904190888
2.65893709
5.45988453
4.455986684
3.770430225
3.195695449
3.498665945
11.88640504
3.570492175
4.43740367
2.933776176
5.943485692
6.450765861
2.415430766
4.63340213
5.296106354
7.778907425
4.434089116
2.7387136
3.376425797
3.463717674
3.347919474
2.976495125
3.374834185
3.420755703
31.08910458
6.873779491
3.252632613
3.90267741
4.152221858
5.512195634
3.054702957
3.296733759
3.647802406
2.918694981
4.314614042
4.163126076
3.148445257
4.768778479
4.835427803
4.146296061
3.777772866
3.502413378
3.06659181
2.738049489
5.207737724
3.309145258
2.447218915
2.188163681
2.690322231
2.642538293
4.472454008
5.807004416
3.761190552
3.810014319
2.706321548
3.885397187
4.484277463
5.952303686
16.10633227
2.721781505
3.677808759
3.139833401
6.15957686
4.593130761
2.541087066
2.916933389
2.860562031
3.70651304
4.622196208
2.689076942
4.832493072
4.580866088
3.818514167
6.082386789
2.23401446
4.835453454
3.746516797
2.287866621
7.833543092
2.538805971
4.285002792
3.66682642
2.892676265
3.913439647
4.67291006
2.885009768
3.070953948
5.468875435
2.884082765
6.303300522
3.773079079
2.930120722
6.127920885
5.304450009
2.888471164
3.903193971
3.631537873
10.17796927
3.411954026
3.975494336
12.02451484
3.819884992
4.450390959
10.65652083
3.70536764
5.139812525
2.870291927
5.069196838
2.759931252
10.1055112
6.64364124
4.7258353
5.264861617
5.057000106
2.425296076
2.743030984
4.773525084
5.118821475
2.47257317
6.399773071
4.863090015
2.236741154
3.500895106
3.36961559
3.689045452
2.658784068
5.748158089
2.767133836
8.142855789
3.025743522
3.684303402
2.499358706
3.51877259
9.476831295
4.774016308
5.593391424
3.112423051
3.742003616
4.050225262
4.117836347
2.137573806
7.881571082
3.470362485
4.654529511
2.789282822
2.578411543
2.85062514
4.599266218
4.121275603
2.440778408
2.525529534
5.660598072
3.113242556
4.128227444
3.942069572
3.292398844
2.953736917
24.78673395
11.09938233
3.223238251
5.034120009
3.141839165
3.640113271
4.422055216
5.423698992
3.267289552
3.732517181
3.40287933
11.49985979
6.674227606
4.780894936
2.827389229
11.56780827
3.740415644
2.469851548
2.932025863
2.877544992
2.687841018
3.839191128
2.851010302
3.894694684
10.21547686
5.179146197
18.53471482
12.09876551
5.284224423
5.253681893
5.360351072
10.37268723
3.402434845
4.448990693
7.289055518
2.550824836
8.577053209
3.605731999
7.287872218
7.124474485
5.684122984
2.937520306
3.617561036
2.340740889
3.744891289
6.865268582
5.498440689
4.947703748
6.79407131
4.766392715
4.808595448
3.878397598
3.564482524
2.854296821
6.202233957
4.413702181
6.103278439
5.522233345
5.377918725
3.650510929
3.164543651
2.877486855
2.725423807
5.189133838
3.687472801
4.048382061
2.232975533
19.64341928
4.053891885
8.672863772
3.399573228
6.828086958
23.5733086
3.951013002
4.32225598
5.219025298
4.578863341
3.708774918
2.57215255
2.633728558
9.423578138
3.301348766
19.35089885
3.142549227
4.282486967
6.095497135
11.21538889
6.295081832
2.646232944
3.718887374
10.67980411
4.680018123
12.70333553
6.604840458
2.61179033
4.694590717
3.790489931
3.384488411
3.139796512
8.135978534
4.458169188
2.992298916
5.205937151
6.136953302
2.563925639
21.46841712
3.579164363
7.425838247
5.942077947
9.449404018
5.148953192
4.270990656
3.233306162
9.181214335
3.182524551
2.716759947
2.393127007
4.250414377
3.567087256
2.18878124
3.925681109
4.162895209
5.172884948
6.66635576
2.990115281
3.183070117
2.87541287
9.016328777
6.587402206
8.354366625
2.760947173
5.054495168
5.647462299
6.529072146
9.206143715
2.510586042
3.341722172
2.892405463
3.737414078
3.057690747
2.713998717
5.61394891
9.148261235
3.445075506
8.161282169
5.184666658
14.09601653
2.517105725
6.914985275
2.588554616
2.839171664
14.83154369
2.968947651
6.733646303
3.364798967
2.563682316
4.391234384
2.723241049
4.714632828
5.075458289
11.45225716
2.744187326
5.120435773
2.337045551
7.983591115
2.41391817
74.1963466
4.83268515
8.732034405
3.216371033
4.323602093
3.0458147
30.36298782
4.610531325
19.48981788
4.788103171
23.81504616
6.906477937
2.851797582
3.181747083
4.295127565
4.210808554
19.29223587
8.089915932
14.58899244
4.169003028
2.247421164
18.97452267
5.701543779
2.947806023
3.194484917
3.17269317
3.202779097
5.29923418
25.02370768
4.07198712
2.93476917
6.511709819
2.563046989
7.128915593
4.15179212
4.36129195
2.201628806
3.039513188
4.09860882
2.588555011
2.85642892
6.087898464
2.823150281
3.189350891
3.449821719
4.032214398
4.37897628
11.50408278
4.134895554
6.208815985
2.239717973
2.755799622
2.405984563
3.878898356
2.808776996
9.283404996
7.525215315
2.697036011
5.749753703
6.87929351
2.403316626
18.57042932
2.840413565
8.454590689
2.435647379
14.21041416
3.290729857
2.174233154
9.880744132
4.872015067
2.423947689
30.57718062
6.459123133
6.211531691
4.532521376
3.774039529
5.363906634
2.597656865
4.500213473
2.622700359
4.24599648
3.030387953
5.564575315
2.687998133
4.978102652
3.217829303
2.692635594
5.315940294
2.952115885
8.965939192
23.90590758
7.909341868
2.478338746
2.744022544
5.136484328
3.889716206
3.555134775
4.218746846
18.11960739
4.415149029
3.477686417
2.89566086
3.539827163
2.412179831
11.91667762
5.902668745
3.271084664
4.9434469
3.395975916
2.922101828
14.72062062
3.906506903
3.200827074
3.515889597
4.245933192
4.169021725
13.9079176
3.089387059
8.593364246
2.145148049
2.814485558
10.26918175
7.28098177
3.956023359
7.413857066
4.454856037
3.418657955
5.831954625
2.95053583
5.112376354
3.048486138
5.358143643
6.027168677
7.44021392
4.149686916
5.29992902
2.6168778
2.443482083
8.901111374
6.003326109
4.793460455
11.01454723
2.53785258
3.236527626
2.785420774
5.86124321
7.235166599
2.623547431
2.801654303
15.86999909
3.534676098
4.499577011
4.671251081
6.488581639
9.052765952
11.9148313
4.658462138
4.025891774
6.708399677
4.100050639
2.610866178
6.307513865
16.70584148
2.338378734
7.228598176
2.680476272
4.026441998
3.994619559
7.40492039
2.386401153
2.382329929
14.79331234
14.36122287
2.591301966
5.601081812
6.264974862
6.30943651
3.800670902
7.511341463
5.727562638
2.245114981
2.745881383
4.303374416
3.134533304
3.735627478
6.179146264
2.856265068
11.16457528
3.078210145
5.58990571
2.575348341
2.753343963
2.252788385
3.669359065
4.30525845
23.75941252
2.971801917
2.815819993
6.119302036
8.723562842
25.8119114
2.694459409
12.49725138
4.406805821
10.28781192
26.52986927
3.674771612
3.940635427
2.859023321
6.580393152
10.23903453
5.611511526
6.793801123
2.919241113
2.404402303
3.023027021
2.680156546
2.859063342
25.57960401
8.906448186
12.1799468
10.64674403
4.538805361
8.369757627
3.235672049
3.32159282
4.122010214
3.075132589
2.789113234
2.20315335
8.993199077
3.069293777
6.212145809
3.1886471
3.526888965
2.711523239
2.631213257
9.191844265
2.893149916
3.25382564
6.038807147
7.932527542
2.759348037
3.528906173
3.127533194
2.656306189
9.872867787
13.8220843
3.810170578
2.797545033
11.42655213
6.674456128
4.606025283
6.714042391
2.184387788
19.05617863
2.80070108
2.99971362
3.395072145
6.98880789
16.89979397
2.847073835
2.883347001
3.341758383
6.170207563
3.752034268
3.974445639
10.57824269
22.22804226
6.422991135
7.272328139
6.448954832
5.868063873
3.384735634
7.433579104
3.99498596
7.616634764
6.232185286
5.276098498
4.374702171
6.652505624
6.695730631
2.417820095
4.265934298
5.415504398
5.048036573
3.284384826
4.604202589
17.67386158
3.399310101
2.888568861
5.125740454
2.864854665
3.299203333
10.52356279
8.498317325
10.97660891
5.074210546
2.097277915
2.454533695
2.745685971
5.788524939
4.996545193
5.982924511
2.761852684
4.245354584
4.842123562
3.01501037
10.86133114
5.708193228
4.653544812
16.90700078
2.714168381
2.857546079
2.778517089
3.49531984
6.084348043
3.165742424
2.3548423
4.243450606
3.898298725
2.303483167
3.106038869
3.05998595
11.77553841
21.90541213
2.376661567
5.727431494
4.019170793
8.029163916
5.422630883
6.450478324
3.299541081
5.318285938
21.07444423
4.287455304
3.26376662
26.72491408
5.607492861
4.298597295
18.55257076
10.28977691
2.986493876
3.269277019
3.704367467
4.714918104
26.28472245
4.025259143
4.605633495
3.600345443
3.308196415
2.913251621
3.190086201
2.495048984
2.808239863
3.610061443
2.740696565
5.361239458
2.37011844
6.837601955
5.776302982
5.345949107
4.421313972
7.086269004
3.322578119
5.323016173
3.120056533
5.314244815
4.422496736
2.740755283
7.172139313
2.96686778
2.916249398
3.270380663
3.094030178
20.23493511
4.86615079
2.965071346
4.761550959
5.315936565
6.434206171
2.433003933
2.402599291
4.083311145
3.725916568
6.44192609
4.962144404
3.034250721
2.823645705
9.278178184
4.841192222
6.513756056
9.97260984
2.596255833
4.730688784
2.847888743
4.716770669
2.509273656
4.653459819
3.329022387
3.237349931
4.669342932
3.444942204
4.279085562
2.763309116
5.61397771
2.841765196
2.297123067
3.933870839
2.338228807
2.783512668
3.140887269
6.936848325
4.072584952
3.247587984
2.826777333
11.85556823
5.358145165
4.690417512
2.33847071
2.143265684
20.09011874
9.406784829
15.7789345
4.678938329
2.297044345
14.16285128
9.477768365
3.836394999
5.350121072
3.071165628
3.142450562
3.120742053
2.775914178
2.75447982
4.021716757
3.984737735
5.202037479
3.439232707
5.61066676
2.709621021
2.542774042
2.518516539
4.532139905
4.911972171
2.566414573
7.028084527
3.141241585
3.518496825
3.44191478
3.160394479
2.621349093
2.387525055
9.621665382
3.036272808
2.469472752
4.676117809
19.92363491
14.94665664
3.906764928
3.542625918
2.640290378
2.38047999
2.204551711
5.448792388
8.076938948
3.821936507
3.546637214
16.50840252
3.781417313
29.21901998
3.468997253
9.931132044
2.269570378
4.488073278
6.164269422
2.772896293
6.17914341
7.299816626
3.217305639
4.008302835
3.583404578
2.694162351
5.813264856
2.712298258
6.998908638
10.02849197
2.404433571
4.925582445
2.466762463
4.458100923
2.461797615
2.610922829
3.939521035
4.42104044
9.381101342
3.326777375
2.843667769
3.937620829
4.95678249
8.93447352
3.725663163
4.791057729
5.525394244
3.997220889
2.792962055
3.103038994
6.368046545
3.755101093
5.377997179
7.665619716
5.460326604
3.187585829
3.322549632
2.450532749
3.814824508
11.94195247
7.266206236
12.13236959
5.342919011
3.591461809
9.055302079
6.012010024
5.749382847
9.647835353
2.606794438
2.736781212
2.240747053
3.223689427
3.41202241
3.714723854
5.633945035
3.703600635
4.240212061
6.661164738
3.300220798
2.434069637
6.1579121
5.987310315
2.60643087
7.611072118
2.061482507
3.046672167
2.730766072
3.743271653
4.865370143
2.764788256
10.79526648
4.828893502
3.084032162
3.785096495
2.538004767
5.160226861
3.931254519
2.32189279
5.097819034
6.869531796
7.53941999
4.635284209
12.19027301
3.586058258
6.1781212
3.584162186
5.703354482
3.314147788
3.408071694
2.381316153
2.525414376
5.536524956
3.247372659
3.800345727
3.63037787
3.3433429
3.343054284
3.328388836
2.606117807
2.638493172
4.724622034
7.676209607
7.537536194
2.478269341
2.663970527
5.043463556
13.09052452
3.107491074
24.82093664
7.663245199
2.514007811
5.769964969
2.366027404
3.600108063
4.895760397
2.658000944
10.39100263
3.182825807
3.581613855
2.898167921
4.694013587
9.210795386
4.049221397
6.955431461
3.771811195
4.023719608
3.114274397
2.991283447
6.016231114
2.907724094
5.453177195
8.932576891
7.272092378
2.904846989
8.93659878
6.63718949
7.704819887
4.339417417
2.686684308
6.991232518
3.708184986
6.714397438
4.403786099
7.026606761
5.535095882
3.740012834
4.129181359
5.763960911
3.022998367
2.588493457
5.482774597
3.528475347
8.186819838
3.922968774
4.555336102
8.355869686
11.83926762
2.960846918
5.195941933
5.230762257
9.136494467
9.062886575
4.144616116
4.549058971
3.062168987
9.555667727
7.316664955
4.098410087
7.69099137
4.808310543
2.892373896
4.255972498
5.813701015
2.376227468
17.89694752
2.989932241
2.499926764
2.309073945
3.51482393
2.90781727
8.252787462
6.327366976
3.243550595
25.28067528
6.931504587
3.690397399
25.64453049
2.523508853
5.613570947
9.133322004
2.327209912
3.101740452
8.754525327
4.651017629
4.335268671
5.400151862
3.871176173
2.790978482
11.67659779
3.458807173
5.071670726
10.42582902
2.838525034
3.402792418
2.620350945
3.305268358
2.721572355
6.020395624
5.276950458
2.223173525
5.599851366
4.434526366
5.081669441
4.299069609
3.035115289
5.851855794
7.135362498
14.62449698
3.68968057
2.535016814
3.735506991
2.817438043
4.803186728
5.125227215
7.691404693
3.519506185
2.89192714
6.379526995
3.630375789
2.598953818
4.812926939
11.52581729
4.597868676
5.605541979
5.618711303
5.705907272
2.85106803
2.996331477
4.794269462
4.157058166
10.30455707
5.337232483
2.708437375
4.396677858
3.361631537
3.909768294
7.105368111
4.112976454
4.708386758
12.18440569
5.815549177
2.50599015
12.05123989
5.838168839
4.438724286
2.902523969
2.370196681
22.11121033
2.446988911
9.43968336
20.14096555
8.354176997
2.463927089
5.125098923
3.445503942
4.653450776
3.117100163
4.08501463
5.585220637
7.82628337
2.746483016
2.634835133
8.057487636
6.132658162
6.329477285
5.74280058
4.301917107
4.909794231
23.35693792
4.928442645
5.881887058
2.991166757
8.303830556
2.666844968
4.128704692
6.848947171
2.881680288
3.733950534
5.237995449
2.954000559
2.917963693
4.654774612
3.075232882
5.425356971
2.939922649
5.039320066
3.17875957
9.479185732
4.292596849
6.465848785
5.41944719
4.283275564
11.09828279
7.148950289
9.430535617
3.871440376
7.280681217
14.73142026
2.537087677
3.229181022
2.900993958
5.269244285
5.711934975
37.72597475
5.522312169
7.437393782
3.231288453
3.602372028
4.171952023
3.259886051
8.128109372
3.859749519
4.857123268
4.021307422
2.925060646
4.041137489
5.036737348
8.956675917
5.402846715
4.278602726
2.284913577
3.814098305
3.606826635
4.561199369
16.05428079
2.421808586
8.692592818
2.70331766
3.177199461
5.172204112
2.803566176
4.764524215
2.39603117
4.049891768
3.139943395
6.765101826
4.912653653
3.460183905
4.976502481
6.338761887
5.633213522
4.5634456
6.580084218
16.71888687
4.075858861
5.730522631
3.774215004
2.871357589
17.35393947
3.738329022
2.731623594
4.371661605
4.573131538
3.356793205
5.201251074
3.206067919
7.050154119
3.847867433
4.987939669
4.946885511
3.714858885
4.836455375
2.876779385
10.27853236
4.087371245
3.289901476
3.459403929
8.068427588
2.397322417
4.855240031
2.785906044
10.89835394
2.21410485
2.800687758
2.643262057
5.036580711
12.9575231
2.561178781
5.006903298
2.812691397
3.271133808
4.143470869
6.737799523
2.750914537
3.261038657
3.380788624
5.714605738
4.165673999
3.290536992
6.409958598
3.592833415
3.849921893
5.588418059
3.254565752
2.605977057
9.791592114
3.008217477
7.381030282
2.694229385
7.017355866
3.241313388
5.531511638
6.092725036
4.090598281
4.817830167
14.49929931
3.269657037
4.994328667
8.683882357
5.043971233
4.035873443
2.254767361
6.388107008
3.314676388
3.112471174
6.79961023
2.914714637
2.82112838
2.611301759
2.387723994
5.378283281
9.344674388
3.679072512
2.64209574
6.742994579
3.13762792
5.33397735
4.466626033
3.059311697
2.756463555
4.018451722
5.842375124
6.429158741
13.15251198
13.12654924
4.28985537
7.413760787
5.024785392
4.12167125
8.836135666
6.156893769
8.73034903
4.780154726
7.138137746
2.865696306
3.16097597
2.157724229
4.746713368
2.911735248
5.883247511
9.882652
5.58725551
5.248732476
3.630360667
8.761816741
2.721174469
12.24599254
2.238319437
10.42257646
3.342172185
8.462920703
4.845623969
8.956555209
2.794659968
4.763450397
4.28346765
2.670104167
3.775033652
5.849886406
5.491352433
13.8180979
3.127631399
3.375364804
4.16265082
6.758652331
5.574806446
5.35664616
4.416859998
5.142223594
3.989564526
4.1982908
8.389374093
2.322828063
5.6047234
3.645068293
11.47412709
2.514682399
2.845813195
2.922952076
2.542186826
12.97309834
4.974514288
2.588674878
4.584832457
4.774462428
2.954294836
9.870786932
7.951979213
5.694204638
4.125719909
12.08662337
2.899699946
3.572139331
4.563360426
9.498662652
2.344084253
4.37562488
6.810214955
18.40929132
4.571246316
9.617469306
2.537446044
3.630416276
4.359233642
9.760180548
6.253822949
3.065362984
15.6132804
2.559810056
4.323298175
3.411860976
2.463905628
2.431189383
3.299136738
4.266056084
3.178707818
6.358436693
3.619993525
2.7382479
7.23240946
5.674518933
11.48874297
3.018399848
7.929440576
5.903229802
9.848819931
7.389085159
3.744315703
3.316165934
5.525485047
4.08980291
8.321189922
7.602388492
3.115009067
2.372067483
4.431151702
2.841951655
3.364550214
4.00182239
4.544445866
7.4403209
4.779996181
2.342678889
4.568595977
3.279438272
4.47881404
2.737848205
10.70150385
8.121470323
4.782444051
3.822814846
2.523849354
5.859280344
5.909094221
6.413000981
16.2321952
4.772389065
2.547823417
14.51421836
2.949555873
4.654810798
6.102765175
5.355314455
4.30213172
2.412487341
8.514307381
7.073156019
6.672069127
10.07990412
2.325127387
4.607703282
3.118413075
8.422475313
2.754622962
2.199942173
2.976370442
5.30167593
7.68163992
3.108142998
7.308661505
2.212710589
4.648264636
5.955146308
11.23497875
6.664254877
3.306097228
4.054741015
4.032773085
9.554135712
3.580835412
2.410268638
4.56118584
5.079981383
4.07451001
6.307410441
2.791787872
5.709640101
4.921370896
3.557366175
3.400046511
4.067743048
2.220411129
2.942454232
3.214703888
5.776865991
3.240900726
11.13112338
6.756830946
3.364535295
2.299916807
2.317558632
4.576210647
6.882236502
10.47330231
3.377631697
6.143267777
3.482024161
2.565612131
4.139993055
4.324657613
2.236788949
2.367882385
2.528441594
3.378788489
13.7956525
3.162957698
2.688925502
5.261763331
3.646025271
3.16756208
2.638227537
2.652616644
5.392510279
3.113104273
11.74081988
2.225235266
3.114027543
8.271085237
3.274495947
5.826186673
4.477394211
2.589070056
4.545634181
3.268281668
9.837535408
4.409580794
2.604414567
2.51706519
6.13129661
3.75512328
2.728687036
7.02468824
4.202249967
4.461683259
7.232016531
8.384602339
12.81111065
4.565905324
7.202174499
2.392305851
4.812745566
4.334973059
2.510742827
3.112291042
13.23333827
5.198619101
4.313232778
2.525880559
3.51001311
5.933548239
4.180842898
4.174914641
3.622027208
2.969609624
8.756346173
5.702454248
24.75432627
3.029294281
3.636930859
4.71476431
2.858577271
3.940490817
3.157720113
43.65395541
8.878325831
4.543651285
3.057988474
5.637885518
4.809154971
3.272682089
5.473261607
5.52471013
2.191818866
13.83481432
4.99067364
3.666997997
4.963544135
4.242971957
2.470709575
4.005999934
12.84579235
9.079182997
8.033573659
2.585752012
3.46629904
4.643614377
4.956011476
3.586164086
7.829067799
4.695282094
4.604410681
4.939260316
4.356557518
4.349152831
3.117620798
2.800484462
3.291449611
5.189046645
5.950407173
5.614837637
4.261493128
2.848748806
5.366887213
4.880586041
5.273399438
7.053724004
2.913692557
2.233485393
2.546036993
4.790277589
5.052366627
2.619551709
5.862407525
10.85905616
9.740692713
6.706809856
3.901664822
4.487358718
4.31456218
2.896158796
3.530122771
8.429770035
4.8001793
3.213077886
4.750895306
6.502505674
16.73596231
5.75080462
2.20346469
2.769488571
5.631713614
3.362010294
3.342123222
4.267595279
2.98887798
2.945708994
11.37795723
11.74477475
2.388920908
8.990691632
4.73952378
4.161013843
8.40122035
3.997145024
2.376610741
3.452454651
4.520347006
7.923017772
4.942809691
5.645576749
6.30271488
4.398683583
2.914429927
3.59947134
7.555080576
2.613564349
3.054595625
4.178615433
2.869370207
3.132886825
3.822753104
12.80745624
3.09882794
3.044074295
4.4822626
4.065666407
5.848260476
5.598245823
8.085355099
2.322960505
5.326107567
3.403815225
3.682153479
3.912822215
4.10335796
4.618936677
9.815032101
4.226582688
4.494050445
3.464662213
20.95302582
2.648475065
4.585621006
5.760802552
5.098104613
3.541946691
5.032391821
7.912634878
5.228383645
5.51665637
4.525179806
4.505868628
4.029978333
2.807893878
2.664412955
7.942868339
2.878338434
4.4920142
2.930505164
2.076153574
4.282123484
3.082320786
7.367582708
6.262558278
7.906477366
2.286175145
6.468926848
4.475999115
4.033312088
8.224751768
4.652874413
2.707677984
2.149188274
4.049654018
2.720932403
10.45949786
2.835832698
3.407060414
9.424323401
2.998216425
4.796800936
8.435137661
4.537188353
3.034262374
7.4960797
6.121311941
2.819755798
4.127293043
5.30346801
5.103634547
6.749717337
2.696091998
3.706224273
2.666269921
2.641211731
2.766917117
4.104609103
3.598471423
4.612626158
15.83995706
13.42683016
4.52904744
3.657997425
5.99583918
5.099265424
4.506173783
4.125050455
6.437303826
4.57814507
4.042894507
3.226191433
3.56924791
6.468900093
2.615250122
6.271460617
13.30642669
2.931325492
3.415013009
5.31654575
2.859263953
2.894037491
3.76056412
3.472569086
7.777848581
5.709270154
5.006601736
3.244792639
5.984605011
4.278191561
4.25832042
4.563447298
3.583163887
11.39184695
3.212123451
2.564407331
3.111198659
4.417402244
4.928620309
2.547076674
10.2996443
24.25644272
6.022902722
2.93772649
2.281890536
4.665510814
5.358464151
4.087723238
2.638153566
4.241423889
8.032379014
7.85151998
3.203081754
5.183518573
5.784168394
2.918272605
4.660443552
2.838489862
4.640397635
4.657154061
6.87573985
4.601418656
2.429621079
2.229175865
3.069529614
2.706074322
3.245883393
2.626517267
3.524453549
2.768562855
7.374088174
6.319965261
4.061245541
9.279739213
3.046419013
6.311845902
4.18104791
2.594376247
3.418347969
3.083500325
3.85352231
3.688344943
5.360939301
2.403817937
3.563258557
2.87617281
4.167569899
2.527597152
2.738386469
2.652331593
10.30406544
2.528561703
6.211123963
2.642168267
10.7448237
3.93671784
2.781502065
3.030788043
5.527366082
6.22372205
8.262841314
2.765187182
4.010993154
3.788031997
4.986713869
4.776938734
3.238980302
2.84049203
4.679792072
2.779822727
10.25019148
2.342775152
6.250622242
7.12757049
6.539864655
9.021993556
4.719839514
4.312103485
8.286019532
13.20997417
4.638078504
4.544656646
2.945413541
3.377008843
8.830253624
2.710060796
7.95475197
2.419424134
4.350198731
5.820250472
8.255598272
3.168375107
9.872523804
3.965019534
3.38187225
5.683749095
4.461770055
12.36258892
2.266240209
4.898236188
3.708433208
7.833741548
3.494848017
4.275690667
5.963767713
6.156491501
3.309356644
4.483424941
3.295321189
8.476310215
4.016633027
3.68890163
3.951539217
2.555536742
4.589351272
4.197133122
2.19660032
3.226906698
3.148791932
3.635304995
3.054866428
3.434701513
16.81279386
3.426810384
4.690042264
5.966054588
3.206852739
13.21754579
3.895953861
3.032525897
5.71782031
4.441436384
4.775890591
5.282765323
4.872733302
3.867937815
3.629700576
11.41511259
11.21521173
9.348015215
2.990954912
3.000779669
8.013242456
3.413927313
2.530803713
5.206566597
5.393833918
2.551515029
3.509163423
4.080563872
7.60215514
6.751637919
5.064119865
8.681017859
2.288424854
3.587845943
2.64507218
3.863271403
2.612548805
3.526741558
3.049453308
4.079279196
6.718979952
2.29285644
4.423253714
2.879555401
3.08140338
3.883239127
5.930406315
3.402513571
2.506037322
21.20288767
3.996313028
6.989703553
3.1502193
2.512183236
2.243213886
3.516596956
8.776545557
6.028012365
6.22257982
2.223620852
4.17037489
3.803041976
2.968674947
9.105537545
2.899820774
3.197862388
3.807301642
3.417974942
8.606513665
3.513341894
2.56118454
3.79087691
3.115166965
7.126630365
3.416847976
2.472170869
5.392767063
5.424113432
4.373800175
5.052086667
4.844505376
3.638913072
4.564721138
2.715462857
3.400280923
12.87707223
3.016424561
2.819168204
3.254695178
2.898883696
3.484861134
2.696406837
4.38474964
2.870169104
3.924904213
2.844385871
3.130172318
2.6196033
3.430129284
3.178726651
6.56169194
6.095184005
8.006182579
16.73660759
4.397536125
6.851443232
5.780120737
5.863849105
5.998157126
2.304031485
6.215966587
3.041487295
6.281071462
3.649844775
7.8463633
2.97498975
2.235975305
4.448792775
4.810353213
7.685258439
3.035713567
5.065903368
6.511726069
8.764424513
5.20737161
2.507317704
4.904086184
6.212054054
2.58129192
5.726131394
4.647596611
8.265411851
6.389520656
3.02140003
5.598666088
4.096816037
3.483249249
2.558109181
2.814917059
5.412674677
7.029858893
4.385781266
9.017135363
9.050014701
3.963545765
5.349141307
2.638012447
2.192131901
3.209320034
6.519336364
2.509642118
10.65520326
4.85894005
4.112478976
3.158106626
6.139478733
4.52477871
2.776399809
5.316659097
6.352919802
6.714042579
4.490247146
3.673942586
3.751164206
3.537815872
3.205361543
4.218574824
4.373506221
5.349923911
2.87966604
4.488541793
3.226212605
6.208718191
2.569893035
3.287456749
4.955799809
2.673751491
5.613877567
5.024069894
3.460747351
2.252321443
2.694514711
3.806920628
2.960471923
2.851330559
32
41
44
56
63
38
69
45
64
68
36
100
100
